version https://git-lfs.github.com/spec/v1
oid sha256:8de3a0cd7515149833bfcff348c45ff8ac6e06500292baeba1ee09e0d6cc811c
size 33422
